?-?-?-? w1 w2 w3 w4 Data
?-?-?-?     
?-?-?-? 4.434 15.794 106.250 7.121 4980416
?-?-?-? 4.148 63.883 106.260 7.122 3674836
?-?-?-? 4.832 50.680 106.260 7.121 3132074
?-?-?-? 2.047 31.439 105.805 7.129 789238
?-?-?-? 1.903 31.392 106.257 7.122 3988556
?-?-?-? 1.563 27.721 106.308 7.125 1162032
?-?-?-? 1.370 24.718 106.252 7.122 2511731
?-?-?-? 1.073 22.930 106.257 7.121 29289748
?-?-?-? 0.635 17.601 106.255 7.122 5386874
?-?-?-? 0.391 14.272 106.257 7.121 6993640
?-?-?-? 4.394 63.135 111.755 6.804 4985352
?-?-?-? 4.004 64.813 111.746 6.805 3481318
?-?-?-? 2.097 32.699 111.757 6.802 1806461
?-?-?-? 1.026 22.723 111.751 6.803 4363237
?-?-?-? 0.965 26.181 111.753 6.806 1301140
?-?-?-? 0.878 21.331 111.773 6.804 1278730
?-?-?-? 1.668 26.736 111.734 6.803 1031514
?-?-?-? 1.564 46.016 111.760 6.808 1345564
?-?-?-? 3.077 50.379 111.549 6.872 1485675
?-?-?-? 4.399 63.908 111.538 6.873 4020872
?-?-?-? 4.004 64.821 111.526 6.873 3602957
?-?-?-? 4.639 52.961 111.533 6.878 1819772
?-?-?-? 0.633 17.593 111.532 6.876 2641794
?-?-?-? 1.024 21.790 111.531 6.876 2581070
?-?-?-? 1.561 34.027 110.593 7.263 1352300
?-?-?-? 1.356 28.261 110.543 7.269 1604408
?-?-?-? 3.092 43.142 110.564 7.269 4876066
?-?-?-? 3.617 64.691 110.608 7.261 1700614
?-?-?-? 2.979 43.322 110.474 7.397 1785585
?-?-?-? 3.119 43.627 110.508 7.441 1611050
?-?-?-? 3.417 38.517 114.147 7.681 3122062
?-?-?-? 2.300 38.596 114.160 7.678 1971769
?-?-?-? 4.005 64.810 114.146 7.681 3314388
?-?-?-? 1.024 22.723 114.152 7.680 4581706
?-?-?-? 0.391 14.261 122.700 7.711 1667627
?-?-?-? 0.635 17.606 122.701 7.713 5947924
?-?-?-? 0.930 21.878 122.705 7.712 1511131
?-?-?-? 1.356 43.106 122.707 7.711 3581308
?-?-?-? 1.755 31.815 122.717 7.713 4103096
?-?-?-? 2.786 43.080 125.787 7.720 1490882
?-?-?-? 2.644 43.127 125.779 7.724 1098122
?-?-?-? 2.583 38.308 121.038 7.742 1479934
?-?-?-? 4.149 63.920 121.079 7.737 3170544
?-?-?-? 1.073 22.912 121.078 7.737 1362134
?-?-?-? 3.322 39.293 119.730 7.747 2441488
?-?-?-? 2.345 39.220 119.744 7.743 1760756
?-?-?-? 4.003 64.843 119.749 7.746 3260591
?-?-?-? 1.028 21.747 119.740 7.746 5517664
?-?-?-? 0.685 22.905 119.747 7.748 1133157
?-?-?-? 4.022 47.153 115.710 7.776 1376507
?-?-?-? 5.122 54.838 115.717 7.782 1527092
?-?-?-? 0.637 17.623 119.698 7.794 1786478
?-?-?-? 0.385 14.334 119.701 7.786 1508735
?-?-?-? 0.932 21.912 117.686 7.841 4320741
?-?-?-? 0.879 25.174 117.664 7.840 2821206
?-?-?-? 1.025 25.219 117.663 7.842 1982727
?-?-?-? 1.863 35.184 117.703 7.836 1374075
?-?-?-? 2.344 39.321 117.655 7.840 1505132
?-?-?-? 3.085 50.401 117.651 7.844 1440084
?-?-?-? 4.976 62.305 117.678 7.839 1832549
?-?-?-? 4.632 52.973 117.701 7.841 2184867
?-?-?-? 5.037 50.994 123.163 7.841 1458973
?-?-?-? 1.072 22.931 123.136 7.841 2704912
?-?-?-? 0.732 25.722 123.148 7.844 2258591
?-?-?-? 2.002 27.350 123.141 7.838 1535364
?-?-?-? 2.095 27.396 123.138 7.841 1161482
?-?-?-? 4.400 63.895 111.528 7.850 4322505
?-?-?-? 4.645 52.950 111.557 7.850 1280287
?-?-?-? 4.195 65.632 111.534 7.848 1752476
?-?-?-? 4.054 65.655 111.554 7.845 1289591
?-?-?-? 4.005 64.863 111.540 7.849 2907496
?-?-?-? 3.566 50.359 111.554 7.843 1493000
?-?-?-? 3.070 50.387 111.524 7.853 1167509
?-?-?-? 1.364 27.457 111.512 7.850 1276752
?-?-?-? 0.874 25.170 111.582 7.849 1234741
?-?-?-? 1.020 21.782 111.535 7.848 1544466
?-?-?-? 0.636 17.584 111.531 7.849 3543676
?-?-?-? 0.384 14.236 111.537 7.845 1141093
?-?-?-? 4.641 57.110 112.912 7.886 1823957
?-?-?-? 4.197 65.626 112.912 7.885 8640842
?-?-?-? 4.052 65.640 112.913 7.885 7652220
?-?-?-? 2.291 31.776 112.920 7.886 1328290
?-?-?-? 1.950 27.530 112.880 7.886 2124746
?-?-?-? 1.368 27.515 112.898 7.884 2455123
?-?-?-? 0.638 17.595 112.912 7.886 1507390
?-?-?-? 3.804 51.028 112.942 7.886 1610378
?-?-?-? 3.947 45.353 121.538 7.973 2773408
?-?-?-? 1.554 42.486 121.504 7.971 1611398
?-?-?-? 5.415 54.027 121.367 7.998 3358874
?-?-?-? 2.036 36.287 121.399 7.998 1199881
?-?-?-? 1.028 21.728 121.380 8.000 6568663
?-?-?-? 0.686 22.793 121.409 8.002 1149926
?-?-?-? 2.003 32.725 122.377 8.010 5050467
?-?-?-? 0.879 20.383 122.379 8.011 11018884
?-?-?-? 1.521 42.469 122.383 8.009 1489195
?-?-?-? 4.345 55.146 122.352 8.011 11417922
?-?-?-? 4.388 59.768 122.375 8.010 2357966
?-?-?-? 1.025 22.726 118.797 8.033 5129079
?-?-?-? 5.077 54.610 118.817 8.033 2865158
?-?-?-? 4.621 55.773 123.025 8.124 1166178
?-?-?-? 1.671 26.904 123.026 8.124 1039152
?-?-?-? 1.855 29.519 123.007 8.128 1098110
?-?-?-? 2.099 32.712 123.016 8.121 2725072
?-?-?-? 4.534 52.672 127.371 8.152 1207375
?-?-?-? 4.202 65.610 127.352 8.158 1477578
?-?-?-? 4.057 65.608 127.368 8.156 1464378
?-?-?-? 5.179 51.177 127.365 8.154 6807599
?-?-?-? 1.365 24.706 127.367 8.154 4446890
?-?-?-? 0.390 14.334 127.381 8.149 2001225
?-?-?-? 2.091 27.359 127.392 8.160 1142347
?-?-?-? 2.015 27.333 127.359 8.152 849174
?-?-?-? 4.546 70.657 120.292 8.156 3900140
?-?-?-? 4.815 60.931 120.272 8.157 1222288
?-?-?-? 3.709 50.619 120.271 8.162 1133931
?-?-?-? 3.805 50.606 120.281 8.153 1263933
?-?-?-? 2.394 31.995 120.295 8.158 1898181
?-?-?-? 1.956 27.400 120.284 8.157 2102031
?-?-?-? 1.366 27.405 120.286 8.156 2678387
?-?-?-? 1.319 21.234 120.284 8.157 3723474
?-?-?-? 1.023 21.752 116.956 8.159 2453612
?-?-?-? 4.532 55.745 116.596 8.170 -820855
?-?-?-? 4.555 55.557 116.957 8.159 17301658
?-?-?-? 4.635 54.104 112.430 8.206 3048862
?-?-?-? 4.785 51.059 112.444 8.207 2898294
?-?-?-? 2.345 33.183 110.203 8.208 1852043
?-?-?-? 1.562 46.019 111.747 8.208 1199166
?-?-?-? 4.005 64.747 111.755 8.211 3343237
?-?-?-? 4.393 63.121 111.749 8.209 5782840
?-?-?-? 2.199 32.028 111.748 8.204 1279058
?-?-?-? 2.397 31.988 111.724 8.202 976543
?-?-?-? 1.659 26.834 111.758 8.206 1476597
?-?-?-? 0.971 26.133 111.751 8.209 1169392
?-?-?-? 1.027 22.719 111.757 8.211 2390724
?-?-?-? 3.556 50.396 117.667 7.839 1167499
?-?-?-? 0.687 22.940 117.713 7.838 1418607
?-?-?-? 3.021 47.120 127.405 8.151 1144115
?-?-?-? 1.861 35.060 121.377 8.009 1263318
?-?-?-? 1.561 43.902 123.126 7.841 1246050
?-?-?-? 5.135 56.589 119.719 7.794 1086166
?-?-?-? 0.873 25.160 111.583 6.877 1072082
?-?-?-? 1.279 28.314 110.525 7.267 1431160
?-?-?-? 0.876 20.356 119.784 7.726 1463091
?-?-?-? 2.830 36.652 111.861 7.567 4456716
?-?-?-? 2.827 36.636 111.870 6.792 3305012
?-?-?-? 2.583 36.625 111.862 7.568 4656388
?-?-?-? 2.584 36.600 111.877 6.792 3881478
?-?-?-? 4.105 46.093 119.735 7.746 3797918
?-?-?-? 3.806 46.125 119.725 7.748 4678135
?-?-?-? 4.558 55.560 119.736 7.747 5595442
?-?-?-? 2.225 31.456 119.745 7.747 5543871
?-?-?-? 2.227 31.451 116.956 8.159 9941219
?-?-?-? 2.015 31.456 119.737 7.747 10538453
?-?-?-? 2.017 31.449 116.947 8.160 4940002
?-?-?-? 2.205 37.043 119.739 7.746 13985034
?-?-?-? 2.206 37.038 116.956 8.160 9809922
?-?-?-? 5.417 53.973 116.949 8.159 7398555
?-?-?-? 1.759 33.923 116.954 8.159 15672346
?-?-?-? 2.037 36.293 116.956 8.159 6226248
?-?-?-? 4.637 57.405 127.349 7.617 25207124
?-?-?-? 2.779 42.970 127.359 7.618 2119320
?-?-?-? 2.345 42.959 127.363 7.615 1630286
?-?-?-? 5.030 54.741 127.356 7.617 5453780
?-?-?-? 1.947 37.535 127.329 7.618 1966623
?-?-?-? 1.713 37.609 127.363 7.617 3048232
?-?-?-? 1.657 32.786 127.361 7.617 21159866
?-?-?-? 2.768 37.027 111.960 7.623 2824208
?-?-?-? 2.774 37.030 111.975 6.843 1994181
?-?-?-? 2.706 37.043 111.956 7.622 2278730
?-?-?-? 2.694 36.950 111.970 6.839 1633531
?-?-?-? 4.139 46.081 114.148 7.681 1968532
?-?-?-? 3.802 46.107 114.158 7.679 3135438
?-?-?-? 4.628 62.441 114.150 7.679 5422800
?-?-?-? 4.294 70.993 114.157 7.680 15292080
?-?-?-? 1.223 21.971 114.153 7.679 7534826
?-?-?-? 2.004 33.084 110.593 7.260 1337737
?-?-?-? 1.903 33.111 110.607 7.266 2542140
?-?-?-? 1.905 33.121 110.616 6.620 1660215
?-?-?-? 2.194 34.181 110.593 7.264 8002976
?-?-?-? 2.194 34.176 110.588 6.620 4826098
?-?-?-? 2.055 34.186 110.603 7.265 4512006
?-?-?-? 2.053 34.157 110.590 6.620 2898077
?-?-?-? 4.832 50.633 119.697 7.795 15416606
?-?-?-? 1.075 22.922 119.694 7.795 10431135
?-?-?-? 4.434 55.550 119.694 7.795 3168456
?-?-?-? 4.434 55.551 106.250 7.121 4980416
?-?-?-? 2.090 31.798 119.711 7.794 3014259
?-?-?-? 2.085 31.839 106.236 7.117 1299330
?-?-?-? 1.756 31.789 119.700 7.795 9264682
?-?-?-? 1.756 31.777 106.251 7.123 2350553
?-?-?-? 1.508 25.470 119.706 7.796 3192664
?-?-?-? 1.329 25.476 119.694 7.795 2001473
?-?-?-? 1.608 28.945 119.705 7.793 2179998
?-?-?-? 4.197 44.552 106.257 7.121 8977086
?-?-?-? 3.761 44.568 106.258 7.122 8985236
?-?-?-? 4.442 63.726 123.132 7.842 34407056
?-?-?-? 2.247 31.812 123.139 7.841 3597877
?-?-?-? 1.853 31.824 123.141 7.840 3267214
?-?-?-? 3.531 49.081 106.255 7.121 2317254
?-?-?-? 5.178 51.166 123.140 7.842 3554312
?-?-?-? 1.366 24.717 123.136 7.842 15524518
?-?-?-? 4.299 45.103 115.714 7.780 2830007
?-?-?-? 3.709 45.119 115.707 7.780 3304042
?-?-?-? 4.686 61.302 115.709 7.780 7635785
?-?-?-? 4.247 71.521 115.714 7.780 17342656
?-?-?-? 1.270 21.279 115.713 7.780 11314692
?-?-?-? 2.778 38.343 114.947 7.824 3102838
?-?-?-? 2.779 38.364 114.946 6.911 2352806
?-?-?-? 2.586 38.332 114.935 7.823 6184621
?-?-?-? 2.584 38.341 114.927 6.912 4699536
?-?-?-? 4.242 45.610 121.087 7.738 2982122
?-?-?-? 3.601 45.597 121.068 7.737 2381678
?-?-?-? 4.496 55.855 121.080 7.737 7853786
?-?-?-? 2.146 31.709 121.084 7.737 27340428
?-?-?-? 2.211 36.846 121.082 7.737 12241244
?-?-?-? 4.531 57.621 126.353 7.767 6180246
?-?-?-? 2.477 41.597 126.346 7.759 942504
?-?-?-? 5.126 54.927 126.363 7.767 3279572
?-?-?-? 1.607 34.692 126.361 7.768 4189104
?-?-?-? 1.513 34.691 126.360 7.767 5751052
?-?-?-? 1.268 25.341 126.356 7.763 2560641
?-?-?-? 1.172 25.388 126.356 7.767 1885772
?-?-?-? 1.519 29.389 126.373 7.767 1286142
?-?-?-? 4.550 57.370 125.788 7.718 3616937
?-?-?-? 4.826 54.107 125.800 7.719 2727112
?-?-?-? 4.827 54.093 118.798 8.034 15381356
?-?-?-? 1.678 32.884 125.811 7.720 3689558
?-?-?-? 1.674 32.892 118.777 8.035 2863272
?-?-?-? 1.886 35.822 125.809 7.717 1816401
?-?-?-? 1.886 35.812 118.782 8.031 2895176
?-?-?-? 4.787 51.074 118.791 8.033 3664750
?-?-?-? 3.419 38.482 118.801 8.032 4444052
?-?-?-? 3.419 38.477 111.760 8.210 2415289
?-?-?-? 3.418 38.488 111.750 6.805 3244165
?-?-?-? 2.300 38.491 118.795 8.032 3831616
?-?-?-? 2.294 38.471 111.743 8.209 2248189
?-?-?-? 2.296 38.539 111.756 6.805 3561793
?-?-?-? 1.562 40.833 112.405 8.206 1070550
?-?-?-? 4.815 60.930 112.444 8.205 3218206
?-?-?-? 4.810 60.919 110.227 8.209 4620078
?-?-?-? 4.551 70.663 112.435 8.207 1417442
?-?-?-? 4.546 70.656 110.219 8.208 7958340
?-?-?-? 1.318 21.265 112.450 8.206 21547368
?-?-?-? 1.318 21.254 110.220 8.207 5026806
?-?-?-? 4.491 58.320 110.218 8.208 6167745
?-?-?-? 4.491 58.336 120.289 8.155 8534222
?-?-?-? 4.081 64.220 110.228 8.206 2406758
?-?-?-? 4.091 64.192 120.278 8.157 1706212
?-?-?-? 3.915 64.220 110.220 8.208 3058857
?-?-?-? 3.944 64.236 120.285 8.155 1153565
?-?-?-? 4.977 52.857 120.286 8.158 9001508
?-?-?-? 2.101 30.954 120.286 8.155 6277684
?-?-?-? 1.850 30.953 120.292 8.157 11045173
?-?-?-? 2.344 33.265 120.290 8.157 11486685
?-?-?-? 2.343 33.254 111.937 7.360 5206086
?-?-?-? 2.341 33.257 111.943 6.779 3991121
?-?-?-? 4.394 63.132 123.016 8.123 22222970
?-?-?-? 2.198 31.958 123.017 8.123 4099907
?-?-?-? 1.708 31.968 123.022 8.124 3259662
?-?-?-? 3.852 50.742 122.999 8.115 994058
?-?-?-? 3.212 50.681 122.986 8.122 1153996
?-?-?-? 2.144 27.880 123.036 8.123 1412720
?-?-?-? 2.008 27.862 123.030 8.123 1208907
?-?-?-? 4.737 53.310 123.017 8.123 3981452
?-?-?-? 0.968 26.183 123.012 8.129 1074440
?-?-?-? 1.560 46.004 123.018 8.123 4602418
?-?-?-? 1.025 22.705 123.019 8.126 2421904
?-?-?-? 0.877 21.285 123.028 8.123 2548526
?-?-?-? 5.013 54.816 121.372 7.999 12687780
?-?-?-? 1.715 34.067 121.367 8.000 2740520
?-?-?-? 1.562 34.027 121.377 7.998 2398065
?-?-?-? 1.363 28.238 121.376 7.999 3018747
?-?-?-? 1.278 28.212 121.389 7.997 1919291
?-?-?-? 4.736 52.672 121.374 7.999 4292424
?-?-?-? 4.736 52.639 127.362 8.153 14695353
?-?-?-? 3.320 39.294 121.378 7.999 9480775
?-?-?-? 3.317 39.276 111.538 7.850 2648112
?-?-?-? 3.319 39.305 111.535 6.874 3824573
?-?-?-? 2.343 39.305 121.381 7.998 8409742
?-?-?-? 2.344 39.311 111.535 7.850 2883044
?-?-?-? 2.342 39.280 111.532 6.873 4687887
?-?-?-? 4.588 54.437 127.345 8.153 3085782
?-?-?-? 1.710 41.804 127.367 8.154 1754837
?-?-?-? 1.224 41.812 127.387 8.148 1704227
?-?-?-? 1.425 27.204 127.357 8.151 2269716
?-?-?-? 0.733 25.726 127.320 8.154 2986714
?-?-?-? 0.686 22.071 127.343 8.148 1606443
?-?-?-? 4.642 53.830 112.907 7.885 4850332
?-?-?-? 2.829 40.933 112.920 7.884 2207314
?-?-?-? 2.692 40.951 112.904 7.883 1849435
?-?-?-? 4.863 58.872 112.913 7.885 4347488
?-?-?-? 4.239 70.749 112.902 7.886 3518013
?-?-?-? 1.171 20.958 112.910 7.885 18791706
?-?-?-? 4.398 63.906 117.678 7.840 12310581
?-?-?-? 2.193 31.656 117.665 7.841 2903174
?-?-?-? 1.702 31.702 117.672 7.841 1730427
?-?-?-? 4.739 58.787 117.666 7.838 2548842
?-?-?-? 4.735 58.810 122.701 7.712 15227717
?-?-?-? 1.365 43.145 117.655 7.839 1596306
?-?-?-? 0.389 14.318 117.671 7.842 1601374
?-?-?-? 0.636 17.597 117.662 7.842 4071296
?-?-?-? 5.027 54.992 122.715 7.712 7259408
?-?-?-? 2.051 37.694 122.721 7.710 3870649
?-?-?-? 1.855 37.677 122.714 7.711 3745898
?-?-?-? 1.776 32.877 122.721 7.713 12322785
?-?-?-? w1 w2 w3 w4 Data
?-?-?-?     
?-?-?-? 5.311 55.331 113.339 8.309 2485508
?-?-?-? 4.243 71.506 113.357 8.311 1910934
?-?-?-? 1.266 21.290 113.354 8.309 2312485
?-?-?-? 1.169 20.972 116.920 8.324 5106925
?-?-?-? 3.321 39.294 112.669 8.347 2417235
?-?-?-? 2.340 39.300 112.662 8.346 1862294
?-?-?-? 1.021 21.770 112.658 8.348 1402287
?-?-?-? 4.392 63.178 121.797 8.371 5636254
?-?-?-? 4.292 56.281 121.790 8.369 2090261
?-?-?-? 1.761 30.969 121.821 8.372 1862436
?-?-?-? 1.653 27.175 121.785 8.372 1226633
?-?-?-? 1.560 46.012 121.515 8.453 2803601
?-?-?-? 1.269 27.705 121.192 8.423 828420
?-?-?-? 0.972 26.112 121.497 8.458 1367315
?-?-?-? 4.735 53.369 121.496 8.453 10319350
?-?-?-? 1.070 22.908 118.654 8.512 1491822
?-?-?-? 0.681 22.088 118.658 8.506 1587943
?-?-?-? 0.728 25.704 118.650 8.508 3632550
?-?-?-? 1.429 27.161 118.651 8.512 1687142
?-?-?-? 1.562 34.032 118.660 8.510 2661447
?-?-?-? 1.703 34.011 118.663 8.507 2668166
?-?-?-? 4.735 52.518 118.656 8.514 1295182
?-?-?-? 1.167 21.196 121.072 8.625 2353686
?-?-?-? 2.049 37.673 121.077 8.626 2210135
?-?-?-? 1.864 37.679 121.119 8.624 1041145
?-?-?-? 4.973 62.108 121.111 8.621 985104
?-?-?-? 5.042 54.957 121.056 8.625 1501816
?-?-?-? 1.070 27.091 123.876 8.661 1083218
?-?-?-? 4.879 54.849 123.878 8.660 2319404
?-?-?-? 1.743 33.125 127.997 8.681 1255091
?-?-?-? 1.460 27.221 128.017 8.684 1379372
?-?-?-? 1.218 21.953 128.002 8.683 4094830
?-?-?-? 0.975 22.407 127.997 8.683 2348881
?-?-?-? 0.979 21.471 127.998 8.681 1303891
?-?-?-? 4.287 70.911 127.966 8.683 1435658
?-?-?-? 4.627 62.398 127.978 8.684 1059721
?-?-?-? 5.467 58.947 127.996 8.680 2832200
?-?-?-? 2.001 37.790 124.437 8.693 1195391
?-?-?-? 1.894 34.972 124.448 8.690 1398076
?-?-?-? 1.365 24.668 124.448 8.692 2835711
?-?-?-? 0.976 20.446 124.423 8.694 1749798
?-?-?-? 5.123 54.685 124.449 8.693 7524915
?-?-?-? 4.638 53.853 124.455 8.724 908409
?-?-?-? 1.648 33.007 126.491 8.692 -848734
?-?-?-? 1.522 33.071 126.093 8.691 1332103
?-?-?-? 0.589 24.467 126.064 8.690 1620397
?-?-?-? 0.973 21.488 122.634 8.705 4864532
?-?-?-? 1.943 35.828 122.630 8.702 1357003
?-?-?-? 5.282 54.707 122.666 8.705 1341743
?-?-?-? 1.666 32.943 123.118 8.720 1583359
?-?-?-? 1.894 33.004 123.162 8.723 1670564
?-?-?-? 2.096 36.383 123.101 8.717 1228001
?-?-?-? 3.653 45.880 123.135 8.721 1177641
?-?-?-? 4.149 45.810 123.146 8.716 1262274
?-?-?-? 5.024 54.735 123.137 8.714 1199055
?-?-?-? 1.315 21.269 126.997 8.732 5484899
?-?-?-? 0.683 22.324 113.487 8.775 1278967
?-?-?-? 2.295 38.450 113.473 8.779 1387800
?-?-?-? 3.415 38.506 113.479 8.779 1827412
?-?-?-? 5.519 50.869 113.487 8.775 1261369
?-?-?-? 0.582 24.464 119.960 8.796 3308370
?-?-?-? 1.364 24.700 119.975 8.795 2377220
?-?-?-? 1.888 34.907 119.983 8.795 1686002
?-?-?-? 2.042 37.799 120.032 8.800 1191659
?-?-?-? 4.827 52.809 119.966 8.796 9697008
?-?-?-? 5.120 55.799 119.988 8.794 1663797
?-?-?-? 5.414 53.931 119.977 8.799 1121502
?-?-?-? 0.830 21.636 123.508 8.805 1266079
?-?-?-? 1.758 33.981 123.511 8.808 2054652
?-?-?-? 2.343 42.993 123.515 8.809 1284959
?-?-?-? 4.883 55.066 123.703 8.839 896579
?-?-?-? 5.022 54.767 123.858 8.806 -1191603
?-?-?-? 5.026 54.772 123.494 8.808 3646230
?-?-?-? 5.414 54.025 123.494 8.808 1689148
?-?-?-? 1.264 42.744 124.104 8.807 1253553
?-?-?-? 0.682 22.867 124.087 8.815 2313838
?-?-?-? 1.024 21.750 124.093 8.813 2199933
?-?-?-? 0.288 24.837 124.109 8.812 1367722
?-?-?-? 0.336 19.627 127.241 8.816 1369040
?-?-?-? 0.260 19.731 127.238 8.825 1015422
?-?-?-? 4.236 61.041 127.592 8.804 -899255
?-?-?-? 5.026 54.998 127.247 8.822 4638465
?-?-?-? 4.286 45.618 112.264 8.797 1006520
?-?-?-? 2.140 31.693 112.007 8.824 1240394
?-?-?-? 4.636 55.776 122.553 8.838 2594746
?-?-?-? 0.780 20.853 122.568 8.840 1823899
?-?-?-? 0.877 21.331 122.544 8.839 4592578
?-?-?-? 0.778 27.050 122.550 8.838 3007611
?-?-?-? 1.074 27.011 122.545 8.837 2790955
?-?-?-? 1.756 34.788 122.547 8.838 2258612
?-?-?-? 1.943 37.526 122.594 8.838 1377160
?-?-?-? 1.748 32.673 124.802 8.851 1390948
?-?-?-? 1.900 32.694 124.791 8.851 2647574
?-?-?-? 4.818 60.933 124.767 8.853 1246128
?-?-?-? 0.776 26.033 123.528 8.871 1565050
?-?-?-? 0.974 20.469 123.531 8.868 4101162
?-?-?-? 3.706 71.380 123.512 8.870 1665636
?-?-?-? 4.871 55.970 123.533 8.868 2305847
?-?-?-? 0.386 14.318 118.472 8.885 2041597
?-?-?-? 0.637 17.676 118.486 8.883 1247388
?-?-?-? 1.369 24.747 118.499 8.883 1424957
?-?-?-? 2.093 27.377 118.467 8.879 1636534
?-?-?-? 2.002 27.337 118.487 8.880 903080
?-?-?-? 4.739 52.728 118.617 8.915 -835410
?-?-?-? 4.735 52.651 118.474 8.881 3189145
?-?-?-? 5.181 51.225 118.460 8.882 1362136
?-?-?-? 2.207 36.846 122.087 8.928 2796698
?-?-?-? 2.143 31.709 122.090 8.929 7218384
?-?-?-? 2.003 33.071 121.620 8.953 1510230
?-?-?-? 1.070 22.917 121.608 8.954 2539552
?-?-?-? 1.070 19.067 121.611 8.953 2475000
?-?-?-? 4.829 50.647 121.609 8.955 3567531
?-?-?-? 5.022 54.746 121.265 8.925 -896233
?-?-?-? 1.266 21.248 120.853 9.003 2394634
?-?-?-? 2.029 37.663 120.857 9.001 1238953
?-?-?-? 2.425 42.357 120.870 9.008 1252702
?-?-?-? 2.339 42.416 120.855 9.009 1103851
?-?-?-? 5.122 54.774 120.822 9.003 4376590
?-?-?-? 2.189 37.038 124.920 9.015 1486824
?-?-?-? 5.121 55.345 124.891 9.014 3723479
?-?-?-? 5.365 55.228 122.072 9.076 3317461
?-?-?-? 4.826 54.136 117.861 9.085 2165868
?-?-?-? 5.279 54.875 126.916 9.161 1465354
?-?-?-? 4.931 54.930 126.953 9.157 1696162
?-?-?-? 1.074 19.057 126.918 9.156 1427373
?-?-?-? 0.776 25.975 126.911 9.162 2180816
?-?-?-? 0.674 23.460 126.937 9.157 925993
?-?-?-? 1.899 41.718 126.964 9.151 1826327
?-?-?-? 2.100 37.129 126.900 9.156 1356071
?-?-?-? 1.966 37.086 126.884 9.161 935783
?-?-?-? 0.779 20.866 126.357 9.168 1399390
?-?-?-? 0.963 21.381 126.364 9.162 1166683
?-?-?-? 1.263 27.560 126.341 9.166 1214698
?-?-?-? 4.390 63.056 126.344 9.163 1163534
?-?-?-? 4.972 55.056 126.351 9.164 3255483
?-?-?-? 1.223 21.983 129.797 9.170 2417148
?-?-?-? 4.290 70.929 129.802 9.173 1909797
?-?-?-? 4.298 61.409 129.504 9.140 882796
?-?-?-? 1.457 28.348 126.920 9.242 1931812
?-?-?-? 0.925 28.300 126.894 9.241 1193408
?-?-?-? 1.169 21.273 126.935 9.239 1233784
?-?-?-? 5.398 55.197 126.930 9.240 1645606
?-?-?-? 0.681 22.854 122.788 9.253 1299496
?-?-?-? 0.336 19.653 122.800 9.251 2399307
?-?-?-? 4.977 62.198 122.807 9.253 5466784
?-?-?-? 0.930 21.895 129.087 9.256 1437086
?-?-?-? 2.011 31.450 129.096 9.255 2565450
?-?-?-? 2.233 31.412 129.099 9.251 1569226
?-?-?-? 2.197 37.003 129.103 9.253 3126572
?-?-?-? 3.560 50.429 129.108 9.256 1640632
?-?-?-? 5.266 59.990 129.111 9.345 1299847
?-?-?-? 1.703 28.165 126.734 9.523 2470352
?-?-?-? 2.484 41.551 126.725 9.519 1530141
?-?-?-? 3.714 64.653 126.764 9.519 1111276
?-?-?-? 3.610 64.669 126.725 9.522 1707034
?-?-?-? 5.125 54.897 126.752 9.522 2356481
?-?-?-? 0.525 42.760 119.949 8.802 1191646
?-?-?-? 1.649 32.832 122.570 8.837 1199446
?-?-?-? 1.891 33.086 126.894 9.151 1206146
?-?-?-? 0.290 18.364 113.318 8.306 1165398
?-?-?-? 4.823 52.771 126.063 8.701 1017676
?-?-?-? 4.644 61.302 123.532 8.864 1061012
?-?-?-? 0.779 25.986 129.400 9.776 1081128
?-?-?-? 5.123 56.657 124.854 8.853 1131041
?-?-?-? 1.072 22.919 124.836 8.850 1698150
?-?-?-? 0.963 21.466 124.858 8.853 1127993
?-?-?-? 5.070 58.061 126.699 9.528 1345194
?-?-?-? 0.974 21.498 126.718 9.524 1314528
?-?-?-? 0.971 22.396 126.764 9.522 1046984
?-?-?-? 1.206 28.213 126.748 9.525 987855
?-?-?-? 1.611 28.456 124.901 9.015 1144069
?-?-?-? 1.555 31.805 126.399 9.161 1086038
?-?-?-? 4.874 54.916 124.078 8.813 1089264
?-?-?-? 5.412 55.177 122.759 9.254 1096922
?-?-?-? 1.642 27.089 124.340 8.593 993765
?-?-?-? 2.190 37.071 124.337 8.585 1111006
?-?-?-? 1.702 24.762 126.868 9.238 1137183
?-?-?-? 1.560 29.537 126.854 9.242 1037957
?-?-?-? 4.587 62.260 124.331 8.588 3319462
?-?-?-? 4.099 70.239 124.337 8.588 1863780
?-?-?-? 1.171 21.815 124.323 8.587 2731750
?-?-?-? 1.900 32.656 124.342 8.591 1448257
?-?-?-? 1.786 32.588 124.334 8.594 778719
?-?-?-? 5.415 55.141 121.064 8.625 19432204
?-?-?-? 1.352 25.151 121.094 8.624 1186264
?-?-?-? 1.218 25.114 121.089 8.633 1211410
?-?-?-? 1.655 34.656 121.068 8.624 4204679
?-?-?-? 4.493 59.862 121.053 8.626 1508020
?-?-?-? 4.491 59.885 122.603 8.458 6205298
?-?-?-? 1.511 35.492 121.071 8.625 4927703
?-?-?-? 1.513 35.489 122.616 8.458 2927485
?-?-?-? 0.260 19.735 121.083 8.624 3221002
?-?-?-? 0.254 19.681 122.604 8.457 1409317
?-?-?-? 0.333 19.661 121.081 8.625 5888568
?-?-?-? 0.337 19.666 122.609 8.459 4385062
?-?-?-? 4.977 62.193 122.614 8.459 3597294
?-?-?-? 4.976 62.192 127.232 8.822 31814492
?-?-?-? 3.853 69.505 122.616 8.460 13354811
?-?-?-? 3.850 69.529 127.224 8.821 2463554
?-?-?-? 0.926 21.872 122.616 8.462 1941898
?-?-?-? 0.928 21.907 127.229 8.822 8880569
?-?-?-? 4.292 60.799 127.232 8.821 4331337
?-?-?-? 4.293 60.813 129.089 9.254 31227884
?-?-?-? 1.861 35.180 127.223 8.821 6069578
?-?-?-? 0.680 22.853 127.233 8.822 8999284
?-?-?-? 0.681 22.852 129.095 9.254 4338052
?-?-?-? 1.019 21.718 127.227 8.823 2986838
?-?-?-? 1.025 21.752 129.092 9.253 8761912
?-?-?-? 4.636 52.977 129.100 9.254 4200590
?-?-?-? 2.828 36.628 129.107 9.254 6927860
?-?-?-? 2.581 36.647 129.098 9.255 9600502
?-?-?-? 4.000 64.842 112.667 8.347 22740228
?-?-?-? 2.291 31.783 112.661 8.346 4169082
?-?-?-? 1.807 31.790 112.656 8.346 2342028
?-?-?-? 4.103 46.093 112.671 8.348 8664733
?-?-?-? 3.804 46.079 112.673 8.347 15718232
?-?-?-? 5.413 53.987 124.087 8.812 22819612
?-?-?-? 1.758 33.923 124.090 8.812 10345110
?-?-?-? 2.035 36.213 124.096 8.809 2326932
?-?-?-? 4.635 57.399 124.059 8.812 5318977
?-?-?-? 2.778 42.952 124.076 8.812 5265846
?-?-?-? 2.340 42.961 124.077 8.812 5150472
?-?-?-? 5.028 54.736 123.890 8.661 23163344
?-?-?-? 1.945 37.598 123.897 8.660 2337989
?-?-?-? 1.711 37.578 123.893 8.662 2072025
?-?-?-? 1.654 32.795 123.889 8.660 5992824
?-?-?-? 4.098 60.460 123.875 8.661 5907211
?-?-?-? 4.098 60.455 127.403 8.504 31625740
?-?-?-? 1.756 34.770 123.877 8.660 6183048
?-?-?-? 1.752 34.736 127.382 8.506 1650730
?-?-?-? 0.869 21.630 123.877 8.661 4794889
?-?-?-? 0.867 21.615 127.392 8.501 1707960
?-?-?-? 0.777 20.828 123.877 8.662 3234284
?-?-?-? 0.778 20.800 127.402 8.504 8081907
?-?-?-? 4.635 55.738 127.409 8.503 4117744
?-?-?-? 4.634 55.752 126.334 9.166 18595460
?-?-?-? 1.650 33.110 127.409 8.504 9425152
?-?-?-? 1.652 33.104 126.353 9.164 2406750
?-?-?-? 1.578 33.106 127.405 8.504 6236936
?-?-?-? 1.567 33.074 126.359 9.165 1397001
?-?-?-? 1.216 25.104 127.322 8.503 1186939
?-?-?-? 1.211 25.213 126.294 9.161 1248096
?-?-?-? 1.072 25.117 127.381 8.504 1144763
?-?-?-? 1.074 25.179 126.347 9.167 1980263
?-?-?-? 1.603 29.473 127.439 8.507 1095994
?-?-?-? 4.288 61.048 126.342 9.166 4246666
?-?-?-? 4.292 61.017 129.786 9.171 19485580
?-?-?-? 2.097 32.716 126.350 9.165 8904078
?-?-?-? 2.095 32.681 129.795 9.170 1843233
?-?-?-? 1.022 22.713 126.351 9.166 4191462
?-?-?-? 1.022 22.727 129.789 9.171 6564098
?-?-?-? 0.876 21.289 126.345 9.165 18146502
?-?-?-? 0.877 21.303 129.778 9.172 3809822
?-?-?-? 4.729 53.035 129.792 9.170 2604880
?-?-?-? 2.767 37.033 129.795 9.171 5874384
?-?-?-? 2.695 37.013 129.795 9.172 6294737
?-?-?-? 4.000 64.786 113.480 8.779 20129216
?-?-?-? 2.388 32.013 113.481 8.777 3141422
?-?-?-? 1.773 32.078 113.476 8.778 1093029
?-?-?-? 4.139 46.086 113.487 8.779 5433966
?-?-?-? 3.798 46.088 113.482 8.779 9059098
?-?-?-? 4.629 62.426 122.617 8.629 8744994
?-?-?-? 4.291 70.997 122.629 8.629 4397365
?-?-?-? 1.219 21.963 122.622 8.628 5615168
?-?-?-? 5.075 54.583 122.654 8.627 2267508
?-?-?-? 5.073 54.609 117.888 9.083 12906390
?-?-?-? 1.726 33.099 122.627 8.628 3060969
?-?-?-? 1.734 33.136 117.895 9.084 2365624
?-?-?-? 3.075 43.685 122.611 8.625 1489608
?-?-?-? 1.492 27.307 122.625 8.632 1944559
?-?-?-? 1.487 27.303 117.860 9.081 1692999
?-?-?-? 5.470 58.939 117.890 9.081 2466400
?-?-?-? 5.472 58.926 124.872 9.013 18157592
?-?-?-? 1.943 35.812 117.889 9.083 2627407
?-?-?-? 1.949 35.876 124.878 9.012 5225862
?-?-?-? 0.970 22.419 117.902 9.085 2404504
?-?-?-? 0.970 22.411 124.871 9.013 4973446
?-?-?-? 0.973 21.481 117.896 9.084 11378622
?-?-?-? 0.974 21.483 124.871 9.012 5835100
?-?-?-? 5.277 54.884 124.883 9.013 3486142
?-?-?-? 5.276 54.832 126.747 9.521 16454632
?-?-?-? 1.996 33.009 124.883 9.013 6017000
?-?-?-? 1.994 32.961 126.752 9.519 2811585
?-?-?-? 2.008 37.085 126.744 9.519 2209855
?-?-?-? 1.858 33.047 124.883 9.011 4392021
?-?-?-? 1.861 33.006 126.747 9.521 2372894
?-?-?-? 2.094 37.038 124.923 9.015 1975733
?-?-?-? 2.089 37.050 126.747 9.524 3717294
?-?-?-? 1.998 37.034 124.919 9.016 1392957
?-?-?-? 5.264 60.008 126.749 9.521 1922937
?-?-?-? 5.269 60.005 124.791 8.852 13352082
?-?-?-? 1.900 41.726 126.735 9.521 4674348
?-?-?-? 1.900 41.733 124.825 8.844 1322748
?-?-?-? 0.875 14.807 126.696 9.517 1626608
?-?-?-? 1.072 19.045 126.707 9.520 2577950
?-?-?-? 1.071 19.048 124.791 8.851 10516699
?-?-?-? 4.931 54.917 124.818 8.851 4365835
?-?-?-? 4.932 54.897 129.392 9.778 14869742
?-?-?-? 2.001 33.097 124.824 8.852 4194794
?-?-?-? 1.998 33.109 129.382 9.777 1687198
?-?-?-? 1.904 33.083 124.811 8.852 6091108
?-?-?-? 1.901 33.134 129.386 9.778 2832294
?-?-?-? 2.193 34.159 124.831 8.853 2617502
?-?-?-? 2.193 34.181 129.388 9.776 2593500
?-?-?-? 2.049 34.181 124.827 8.850 2597410
?-?-?-? 2.053 34.182 129.403 9.779 1942058
?-?-?-? 4.831 50.571 129.389 9.779 3468259
?-?-?-? 1.071 22.925 129.392 9.778 21903860
?-?-?-? 5.177 51.187 118.657 8.508 12355978
?-?-?-? 1.364 24.721 118.660 8.508 21846542
?-?-?-? 5.123 54.678 118.665 8.508 7047876
?-?-?-? 5.123 54.678 123.526 8.868 31412536
?-?-?-? 1.887 34.900 118.666 8.509 7693591
?-?-?-? 1.885 34.901 123.519 8.868 5542288
?-?-?-? 2.005 37.755 118.662 8.510 3443352
?-?-?-? 2.006 37.732 123.526 8.868 6261671
?-?-?-? 5.123 55.794 123.521 8.869 3419851
?-?-?-? 5.123 55.785 126.080 8.691 13965624
?-?-?-? 2.436 42.331 123.521 8.867 4574234
?-?-?-? 2.432 42.366 126.093 8.694 1458662
?-?-?-? 2.329 42.353 123.518 8.868 2215096
?-?-?-? 2.342 42.379 126.085 8.695 964773
?-?-?-? 5.125 54.831 126.094 8.691 5649962
?-?-?-? 5.122 54.811 113.345 8.309 33120644
?-?-?-? 1.885 32.936 126.089 8.689 3248717
?-?-?-? 1.887 32.974 113.334 8.309 1745084
?-?-?-? 1.679 32.947 126.109 8.693 2719090
?-?-?-? 1.686 32.952 113.353 8.308 2265738
?-?-?-? 2.074 36.244 126.071 8.687 1312795
?-?-?-? 2.063 36.287 113.349 8.309 3491126
?-?-?-? 1.986 36.234 126.101 8.690 1404346
?-?-?-? 1.985 36.336 113.086 8.310 98111
?-?-?-? 4.147 45.835 113.344 8.309 7660116
?-?-?-? 3.655 45.829 113.346 8.310 6850606
?-?-?-? 4.036 47.136 112.361 9.427 936397
?-?-?-? 4.682 61.288 125.059 8.418 13472720
?-?-?-? 4.246 71.525 125.052 8.418 4820060
?-?-?-? 1.267 21.280 125.063 8.417 8867785
?-?-?-? 5.316 55.329 125.070 8.416 2659404
?-?-?-? 5.316 55.342 120.829 9.003 16567890
?-?-?-? 1.452 27.402 125.042 8.415 1432181
?-?-?-? 1.463 27.400 120.810 9.004 2256806
?-?-?-? 1.372 27.344 125.051 8.418 1173883
?-?-?-? 1.361 27.372 120.860 9.003 2287584
?-?-?-? 1.675 32.879 125.065 8.417 4585655
?-?-?-? 1.691 32.881 120.822 9.002 2967936
?-?-?-? 3.079 43.589 125.036 8.421 1323498
?-?-?-? 3.103 43.585 120.804 9.000 1038231
?-?-?-? 4.635 61.314 120.829 9.004 6623737
?-?-?-? 4.635 61.313 127.149 8.512 20389070
?-?-?-? 3.706 71.402 120.842 9.004 7521638
?-?-?-? 3.711 71.371 127.149 8.510 1833521
?-?-?-? 0.973 20.447 120.837 9.003 10004938
?-?-?-? 0.973 20.448 127.145 8.512 9852186
?-?-?-? 4.869 55.866 127.143 8.513 2247856
?-?-?-? 4.867 55.878 124.444 8.693 12341160
?-?-?-? 1.704 27.959 127.145 8.513 2823855
?-?-?-? 1.704 27.973 124.467 8.691 2453524
?-?-?-? 1.560 27.982 127.152 8.513 2261968
?-?-?-? 1.563 28.005 124.455 8.692 2993819
?-?-?-? 1.817 31.223 127.153 8.512 10254494
?-?-?-? 1.820 31.197 124.441 8.693 3677633
?-?-?-? 3.171 43.297 127.148 8.515 1769937
?-?-?-? 3.168 43.317 124.464 8.694 2041129
?-?-?-? 4.664 53.644 124.445 8.695 1550736
?-?-?-? 4.650 53.644 122.064 8.928 7907084
?-?-?-? 1.693 43.882 124.435 8.692 1925943
?-?-?-? 1.703 43.860 122.072 8.927 2080978
?-?-?-? 1.560 43.843 124.442 8.692 3616929
?-?-?-? 1.562 43.942 122.075 8.929 1533816
?-?-?-? 1.510 27.246 124.432 8.693 3260960
?-?-?-? 1.502 27.160 122.089 8.926 1257894
?-?-?-? 0.778 26.017 124.421 8.693 2675927
?-?-?-? 0.777 25.987 122.056 8.929 1627176
?-?-?-? 0.682 23.481 122.070 8.927 1804569
?-?-?-? 5.026 50.956 122.089 8.928 8101801
?-?-?-? 2.777 38.367 122.095 8.928 4979027
?-?-?-? 2.582 38.325 122.092 8.929 11043110
?-?-?-? 4.147 63.886 112.013 8.825 14289538
?-?-?-? 3.667 50.303 122.069 8.931 1119439
?-?-?-? 3.562 50.304 122.117 8.930 1407835
?-?-?-? 1.900 31.389 112.008 8.824 3557592
?-?-?-? 4.239 45.628 112.032 8.824 4695218
?-?-?-? 3.600 45.630 112.024 8.826 5376516
?-?-?-? 4.494 55.852 118.364 8.580 13142850
?-?-?-? 2.142 31.717 118.369 8.581 7268074
?-?-?-? 2.201 36.858 118.362 8.580 3385874
?-?-?-? 5.072 58.124 118.360 8.581 3565080
?-?-?-? 5.072 58.128 126.925 9.158 20463934
?-?-?-? 3.702 64.675 118.362 8.581 6704835
?-?-?-? 3.693 64.666 126.933 9.159 3405998
?-?-?-? 3.615 64.677 118.365 8.581 6752200
?-?-?-? 3.613 64.681 126.924 9.157 8738518
?-?-?-? 4.529 57.661 126.914 9.157 2399943
?-?-?-? 2.483 41.502 126.919 9.157 6884708
?-?-?-? 5.122 54.937 122.616 8.703 13587802
?-?-?-? 1.608 34.683 122.596 8.704 1849970
?-?-?-? 1.510 34.734 122.652 8.698 1599302
?-?-?-? 1.176 25.278 122.641 8.704 1121584
?-?-?-? 4.550 57.502 122.629 8.706 1054293
?-?-?-? 2.775 43.050 122.617 8.702 2056158
?-?-?-? 2.641 43.038 122.622 8.705 2114367
?-?-?-? 4.784 51.070 126.989 8.732 17884914
?-?-?-? 2.297 38.449 127.015 8.732 1482148
?-?-?-? 4.634 54.084 126.989 8.733 3178534
?-?-?-? 1.746 40.888 126.989 8.731 1697043
?-?-?-? 1.563 40.822 126.979 8.733 2910434
?-?-?-? 1.381 27.076 126.992 8.734 2188682
?-?-?-? 0.829 25.424 126.987 8.733 2744358
?-?-?-? 0.679 22.366 127.005 8.732 2105614
?-?-?-? 4.973 55.062 121.519 8.454 3774874
?-?-?-? 4.973 55.045 122.547 8.839 18882812
?-?-?-? 1.552 31.660 121.517 8.453 8646386
?-?-?-? 1.546 31.632 122.563 8.838 2075698
?-?-?-? 1.477 31.660 121.519 8.453 5225667
?-?-?-? 1.471 31.664 122.543 8.837 2722961
?-?-?-? 1.461 27.683 122.559 8.840 1860509
?-?-?-? 1.461 27.647 121.512 8.454 4617660
?-?-?-? 1.265 27.619 121.516 8.456 2845701
?-?-?-? 1.268 27.661 122.541 8.841 1908331
?-?-?-? 3.015 43.383 121.531 8.455 1696622
?-?-?-? 3.018 43.305 122.549 8.838 1025571
?-?-?-? 4.585 58.651 122.541 8.838 3162578
?-?-?-? 4.586 58.653 123.116 8.719 13313061
?-?-?-? 1.423 39.979 122.533 8.838 2025188
?-?-?-? 1.427 39.928 123.128 8.715 2277679
?-?-?-? 0.383 13.665 122.530 8.838 1715399
?-?-?-? 0.384 13.714 123.128 8.714 1128999
?-?-?-? 0.294 18.330 122.537 8.836 2361456
?-?-?-? 0.293 18.338 123.113 8.716 2905250
?-?-?-? 4.871 54.883 123.126 8.720 3916779
?-?-?-? 4.875 54.875 123.488 8.807 16021670
?-?-?-? 1.408 27.852 123.129 8.719 3888491
?-?-?-? 1.407 27.845 123.502 8.808 1734022
?-?-?-? 1.320 27.839 123.130 8.719 2887303
?-?-?-? 1.316 27.818 123.501 8.809 2520317
?-?-?-? 1.522 33.083 123.135 8.719 6743464
?-?-?-? 1.509 33.080 123.470 8.805 2377756
?-?-?-? 2.977 43.352 123.142 8.718 2052515
?-?-?-? 4.821 52.804 123.495 8.805 1565574
?-?-?-? 1.263 42.805 123.487 8.808 2747592
?-?-?-? 0.536 42.840 123.491 8.808 1650816
?-?-?-? 1.412 26.519 123.497 8.807 3695744
?-?-?-? 0.288 24.820 123.482 8.807 2021566
?-?-?-? 0.583 24.479 123.501 8.809 2125204
?-?-?-? 5.010 54.753 119.979 8.795 2407380
?-?-?-? 1.704 34.048 119.985 8.796 6196038
?-?-?-? 1.561 34.027 119.979 8.796 6305118
?-?-?-? 1.358 28.229 120.000 8.796 2512029
?-?-?-? 1.272 28.186 119.981 8.795 1647216
?-?-?-? 4.585 54.515 118.466 8.881 3461808
?-?-?-? 4.640 57.155 118.485 8.881 6062948
?-?-?-? 4.641 57.159 116.914 8.323 11951296
?-?-?-? 4.195 65.629 118.486 8.881 13300516
?-?-?-? 4.194 65.632 116.919 8.324 9978430
?-?-?-? 4.050 65.628 118.483 8.880 13796828
?-?-?-? 4.051 65.634 116.917 8.323 17865572
?-?-?-? 4.641 53.840 116.913 8.322 5407242
?-?-?-? 2.828 40.930 116.914 8.324 8093048
?-?-?-? 2.684 40.929 116.914 8.323 7090515
?-?-?-? 5.025 54.976 122.801 9.252 33457732
?-?-?-? 2.047 37.701 122.803 9.251 5152264
?-?-?-? 1.856 37.696 122.796 9.252 3229896
?-?-?-? 1.785 32.894 122.805 9.251 2755458
?-?-?-? 5.126 56.708 122.758 9.250 1956455
?-?-?-? 5.127 56.711 121.600 8.953 11586662
?-?-?-? 2.732 41.966 122.796 9.252 4309077
?-?-?-? 2.734 41.942 121.603 8.952 1458677
?-?-?-? 2.523 41.991 122.793 9.248 1810798
?-?-?-? 2.515 42.010 121.609 8.951 1776408
?-?-?-? 5.070 54.987 121.622 8.953 3177843
?-?-?-? 5.074 55.030 126.935 9.243 9774858
?-?-?-? 1.902 32.670 121.618 8.953 7055594
?-?-?-? 1.903 32.789 126.947 9.246 1125168
?-?-?-? 1.747 32.680 121.614 8.953 4746895
?-?-?-? 1.740 32.727 126.897 9.247 1094223
?-?-?-? 1.560 27.387 121.618 8.954 2052919
?-?-?-? 1.564 27.390 126.909 9.239 1290943
?-?-?-? 1.365 27.435 121.597 8.954 1836254
?-?-?-? 1.364 27.291 126.903 9.239 1256731
?-?-?-? 3.104 43.611 121.596 8.954 1053915
?-?-?-? 4.825 60.950 129.108 9.339 3199312
?-?-?-? 1.901 40.516 126.956 9.238 1972654
?-?-?-? 0.729 15.315 126.930 9.244 1437954
?-?-?-? 0.823 18.347 126.932 9.243 1235444
?-?-?-? 0.827 18.270 129.110 9.338 2012339
?-?-?-? 5.316 55.148 129.124 9.339 1005410
?-?-?-? 5.313 55.187 125.233 8.878 2585074
?-?-?-? 1.896 33.276 129.116 9.339 2489177
?-?-?-? 1.805 33.285 129.114 9.336 2855482
?-?-?-? 1.610 28.293 129.152 9.343 937092
?-?-?-? 1.513 28.524 129.120 9.342 1016846
?-?-?-? 5.119 55.437 125.237 8.876 1049834
?-?-?-? 5.123 55.345 127.996 8.682 38593976
?-?-?-? 2.144 33.314 125.213 8.867 1259298
?-?-?-? 2.144 33.354 127.988 8.682 4321693
?-?-?-? 1.942 33.338 125.240 8.885 1593323
?-?-?-? 1.946 33.359 127.989 8.681 1706044
?-?-?-? 2.191 37.081 125.234 8.875 1730481
?-?-?-? 2.187 36.943 127.993 8.681 8025337
?-?-?-? 4.390 57.945 127.996 8.682 9244998
?-?-?-? 2.090 32.626 128.002 8.681 3062015
?-?-?-? 1.904 32.641 127.995 8.683 5535749
?-?-?-? 2.155 36.808 127.995 8.685 3555317
