      Assignment         w1         w2         w3         w4   Data Height 

          ?-?-?-?      1.523     42.597    118.851      7.696      2259987 
          ?-?-?-?      4.304     55.401    118.841      7.692      2118547 
          ?-?-?-?      3.929     45.396    121.539      7.970    182021680 
          ?-?-?-?      4.341     55.318    122.345      8.009     22167228 
          ?-?-?-?      1.533     42.522    122.344      8.010     19854426 
          ?-?-?-?      1.515     26.847    122.351      8.010      4744144 
          ?-?-?-?      0.797     23.599    122.341      8.009      4246266 
 G31HA2-CA-E32N-H      4.110     46.064    119.756      7.745     25707656 
 G31HA3-CA-E32N-H      3.800     46.077    119.755      7.746     24267148 
  E32HA-CA-E33N-H      4.559     55.664    116.952      8.158      7271871 
 E32HB2-CB-E33N-H      2.219     31.427    116.954      8.158     10492756 
 E32HB3-CB-E33N-H      2.023     31.428    116.953      8.159     10900909 
  E32QG-CG-E33N-H      2.213     37.036    116.953      8.159     22788334 
 Y34HB2-CB-E35N-H      2.770     42.969    127.372      7.615      6270310 
 Y34HB3-CB-E35N-H      2.349     42.962    127.369      7.616      5935018 
 G41HA2-CA-T42N-H      4.127     46.070    114.161      7.678     16287348 
 G41HA3-CA-T42N-H      3.787     46.062    114.164      7.678     16173671 
  A48HA-CA-K49N-H      4.829     50.697    119.690      7.794      2771109 
  A48QB-CB-K49N-H      1.070     22.871    119.696      7.795     10363690 
  K49HA-CA-G50N-H      4.419     55.649    106.257      7.121     10682933 
 K49HB2-CB-G50N-H      2.074     31.743    106.257      7.121     16361150 
 K49HB3-CB-G50N-H      1.747     31.743    106.256      7.121     15581880 
 K49HG2-CG-G50N-H      1.498     25.268    106.259      7.121      5757707 
 K49HG3-CG-G50N-H      1.336     25.273    106.257      7.120      5052304 
  K49QD-CD-G50N-H      1.603     28.743    106.261      7.121      4452729 
  K49QE-CE-G50N-H      2.892     42.311    106.257      7.120      3301499 
  P51HA-CA-A52N-H      4.439     63.771    123.134      7.841      8558652 
 P51HB2-CB-A52N-H      2.256     31.747    123.135      7.842      3469485 
 P51HB3-CB-A52N-H      1.850     31.773    123.135      7.841      3874618 
  P51QD-CD-A52N-H      3.546     49.146    123.140      7.840      1428766 
  P51QG-CG-A52N-H      2.049     27.306    123.134      7.838      2661701 
 G58HA2-CA-T59N-H      4.307     45.113    115.714      7.780     23005116 
 G58HA3-CA-T59N-H      3.706     45.111    115.713      7.780     24297486 
 G66HA2-CA-E67N-H      4.229     45.697    121.094      7.737     25767978 
 G66HA3-CA-E67N-H      3.592     45.695    121.095      7.737     26434696 
  Y69QB-CB-K70N-H      2.472     41.414    126.374      7.767      6235088 
 F71HB2-CB-E72N-H      2.793     43.164    125.807      7.718      1817403 
 F71HB3-CB-E72N-H      2.649     43.176    125.786      7.715      2309262 
  E72HA-CA-N73N-H      4.809     54.138    118.799      8.035      5309890 
  E72QB-CB-N73N-H      1.682     32.684    118.803      8.033      5356786 
  E72QG-CG-N73N-H      1.866     35.777    118.803      8.034      8516851 
  L74HA-CA-T75N-H      4.625     54.136    112.445      8.206      2475684 
 L74HB2-CB-T75N-H      1.732     40.763    112.455      8.205      3555576 
 L74HB3-CB-T75N-H      1.584     40.767    112.447      8.208      2787450 
  L74HG-CG-T75N-H      1.386     27.087    112.445      8.205      3160645 
L74QD2-CD2-T75N-H      0.693     22.112    112.444      8.205      1835810 
  T75HA-CA-S76N-H      4.805     60.965    110.225      8.206      4524568 
  T75HB-CB-S76N-H      4.559     70.664    110.233      8.208      1758014 
T75QG2-CG2-S76N-H      1.329     21.181    110.223      8.205      3607164 
  S76HA-CA-Q77N-H      4.488     58.459    120.289      8.157      7506260 
 S76HB2-CB-Q77N-H      4.076     64.300    120.288      8.157      7420018 
 S76HB3-CB-Q77N-H      3.920     64.299    120.289      8.157      8651668 
  P78HA-CA-L79N-H      4.401     63.155    123.027      8.123     12964942 
 P78HB2-CB-L79N-H      2.201     32.007    123.029      8.122      3546382 
 P78HB3-CB-L79N-H      1.711     31.961    123.031      8.124      3817185 
 P78HG2-CG-L79N-H      2.155     27.744    123.026      8.125      3506158 
 P78HG3-CG-L79N-H      2.016     27.761    123.023      8.124      3110428 
  R84HA-CA-N85N-H      5.004     54.930    121.395      7.997      4888066 
 R84HB2-CB-N85N-H      1.713     33.929    121.393      7.999      6231248 
 R84HB3-CB-N85N-H      1.564     33.938    121.393      7.999      6550052 
 R84HG2-CG-N85N-H      1.356     28.119    121.371      7.998      1746668 
 R84HG3-CG-N85N-H      1.278     27.984    121.391      7.996      1758992 
  R84QD-CD-N85N-H      3.096     43.160    121.369      7.999      1355048 
  N85HA-CA-L86N-H      4.741     52.790    127.387      8.149      2290662 
 N85HB2-CB-L86N-H      3.317     39.295    127.385      8.152      6796452 
 N85HB3-CB-L86N-H      2.342     39.277    127.385      8.153      7180996 
  D88HA-CA-T89N-H      4.656     53.860    112.889      7.886      3077386 
 D88HB2-CB-T89N-H      2.819     40.903    112.900      7.886      7340750 
 D88HB3-CB-T89N-H      2.672     40.903    112.894      7.884      7189539 
  P90HA-CA-I91N-H      4.411     64.015    117.668      7.840      6174440 
 P90HB2-CB-I91N-H      2.180     31.690    117.678      7.842      2877802 
 P90HB3-CB-I91N-H      1.687     31.673    117.670      7.843      3181928 
 P90HG2-CG-I91N-H      2.124     28.352    117.690      7.837      1569589 
 P90HG3-CG-I91N-H      1.979     28.328    117.673      7.840      1601101 
  I91HB-CB-E92N-H      1.349     43.134    122.710      7.711      1737411 
I91QG2-CG2-E92N-H      0.628     17.445    122.719      7.712      2325257 
      Assignment         w1         w2         w3         w4   Data Height 

          ?-?-?-?      3.872     63.975    110.420      8.309     11135607 
          ?-?-?-?      4.445     58.784    110.419      8.308     13717918 
          ?-?-?-?      4.380     63.180    121.808      8.371     47605724 
          ?-?-?-?      1.959     27.352    121.807      8.371     10242700 
          ?-?-?-?      2.235     32.048    121.806      8.371     10687189 
          ?-?-?-?      1.859     32.058    121.808      8.371      9857806 
          ?-?-?-?      3.813     51.023    121.810      8.372      2872867 
          ?-?-?-?      3.169     43.451    110.244      8.392      4511127 
          ?-?-?-?      4.300     56.438    110.242      8.392      6167812 
          ?-?-?-?      1.799     30.834    110.244      8.390      4083475 
          ?-?-?-?      1.653     27.068    110.243      8.392      4180447 
          ?-?-?-?      1.996     37.621    122.086      9.078      1294408 
          ?-?-?-?      3.612     51.020    121.811      8.369      2688431 
  T21HB-CB-R22N-H      4.099     70.312    124.343      8.588      1712986 
T21QG2-CG2-R22N-H      1.182     21.833    124.347      8.587      3804601 
  K25HA-CA-V26N-H      5.406     55.322    121.081      8.626      2422110 
 K25HG2-CG-V26N-H      1.355     25.118    121.064      8.629      1163177 
 K25HG3-CG-V26N-H      1.206     24.974    121.074      8.623      1623181 
  K25QB-CB-V26N-H      1.646     34.551    121.085      8.627      7371084 
  K25QD-CD-V26N-H      1.584     29.358    121.070      8.622      1428637 
  V26HB-CB-T27N-H      1.521     35.447    122.622      8.458      3103538 
V26QG1-CG1-T27N-H      0.260     19.740    122.620      8.460      1358359 
V26QG2-CG2-T27N-H      0.333     19.650    122.620      8.461      2811974 
  T27HA-CA-V28N-H      4.980     62.227    127.221      8.825      7676462 
  T27HB-CB-V28N-H      3.852     69.665    127.217      8.825      3233071 
T27QG2-CG2-V28N-H      0.943     21.994    127.223      8.823      4854239 
  V28HA-CA-N29N-H      4.284     60.936    129.113      9.254     13870437 
  V28HB-CB-N29N-H      1.869     35.228    129.113      9.252      2605860 
V28QG1-CG1-N29N-H      0.695     22.746    129.114      9.254     10272256 
V28QG2-CG2-N29N-H      1.039     21.567    129.112      9.255      7757588 
  P30HA-CA-G31N-H      4.012     64.964    112.666      8.349     21164814 
 P30HB2-CB-G31N-H      2.295     31.715    112.665      8.348      5105732 
 P30HB3-CB-G31N-H      1.799     31.715    112.664      8.348      4560878 
 P30HG2-CG-G31N-H      1.942     27.403    112.665      8.351      3688273 
 P30HG3-CG-G31N-H      1.383     27.400    112.667      8.348      3658741 
  E33HA-CA-Y34N-H      5.401     54.100    124.112      8.814     14708766 
  E33QB-CB-Y34N-H      1.769     33.886    124.111      8.814     18421770 
  E33QG-CG-Y34N-H      2.029     36.193    124.113      8.814      9506258 
  E35HA-CA-V36N-H      5.042     54.780    123.901      8.661      6952116 
 E35HG2-CG-V36N-H      1.932     37.640    123.896      8.663      6155442 
 E35HG3-CG-V36N-H      1.721     37.635    123.904      8.662      6660416 
  E35QB-CB-V36N-H      1.645     32.709    123.903      8.662      5759960 
  V36HA-CA-K37N-H      4.097     60.603    127.403      8.505     10640787 
  V36HB-CB-K37N-H      1.768     34.817    127.397      8.505      4173974 
V36QG1-CG1-K37N-H      0.856     21.490    127.403      8.505      6931861 
V36QG2-CG2-K37N-H      0.801     20.613    127.403      8.505      3415789 
  K37HA-CA-V38N-H      4.626     55.896    126.364      9.166      1841461 
 K37HB2-CB-V38N-H      1.665     33.066    126.349      9.167      3525446 
 K37HB3-CB-V38N-H      1.571     33.047    126.364      9.166      2963202 
 K37HG2-CG-V38N-H      1.193     25.163    126.342      9.164      2343543 
 K37HG3-CG-V38N-H      1.062     25.185    126.354      9.162      2986415 
  K37QD-CD-V38N-H      1.591     29.396    126.359      9.166      2053385 
  K37QE-CE-V38N-H      2.886     41.687    126.353      9.162      1567681 
  V38HA-CA-N39N-H      4.280     61.060    129.805      9.171      5025041 
  V38HB-CB-N39N-H      2.104     32.673    129.808      9.169      3555186 
V38QG1-CG1-N39N-H      1.037     22.595    129.815      9.170      3711892 
V38QG2-CG2-N39N-H      0.864     21.200    129.804      9.171      4517030 
  P40HA-CA-G41N-H      3.995     64.911    113.478      8.780     14344768 
 P40HB2-CB-G41N-H      2.385     31.921    113.477      8.781      3643112 
 P40HB3-CB-G41N-H      1.777     31.868    113.483      8.782      3357203 
 P40HG2-CG-G41N-H      1.952     27.339    113.484      8.780      3016345 
 P40HG3-CG-G41N-H      1.367     27.328    113.476      8.782      2125433 
  T42HA-CA-R43N-H      4.621     62.522    122.618      8.629      1206193 
  T42HB-CB-R43N-H      4.282     71.034    122.627      8.629      1901482 
T42QG2-CG2-R43N-H      1.239     21.948    122.631      8.630      2537762 
  R43HA-CA-V44N-H      5.072     54.766    117.876      9.088      2315538 
  R43QB-CB-V44N-H      1.735     32.991    117.916      9.084      2261388 
  R43QD-CD-V44N-H      3.079     43.589    117.865      9.086      1790351 
  R43QG-CG-V44N-H      1.489     27.084    117.872      9.088      1475909 
  V44HA-CA-E45N-H      5.486     59.063    124.869      9.016     10319419 
  V44HB-CB-E45N-H      1.935     35.747    124.870      9.019      2993302 
V44QG1-CG1-E45N-H      0.953     22.301    124.871      9.016      4985956 
V44QG2-CG2-E45N-H      0.976     21.407    124.874      9.018      4608640 
  E45HA-CA-I46N-H      5.287     54.956    126.770      9.521      8619764 
 E45HB2-CB-I46N-H      1.996     32.909    126.769      9.522      3275376 
 E45HB3-CB-I46N-H      1.859     32.921    126.771      9.522      3194204 
 E45HG2-CG-I46N-H      2.092     37.024    126.770      9.522      9432614 
 E45HG3-CG-I46N-H      1.974     37.023    126.767      9.522      8382375 
  I46HA-CA-Q47N-H      5.261     60.049    124.781      8.854      2080332 
  I46HB-CB-Q47N-H      1.908     41.705    124.805      8.854      1202151 
I46QD1-CD1-Q47N-H      0.895     14.716    124.775      8.852      1149513 
I46QG2-CG2-Q47N-H      1.076     18.983    124.822      8.852      1774481 
  Q47HA-CA-A48N-H      4.949     55.026    129.413      9.778      7240868 
 Q47HB2-CB-A48N-H      2.020     33.001    129.420      9.777      3489678 
 Q47HB3-CB-A48N-H      1.893     32.994    129.414      9.777      3416009 
 Q47HG2-CG-A48N-H      2.194     34.210    129.410      9.778      6224244 
 Q47HG3-CG-A48N-H      2.064     34.212    129.416      9.778      5554856 
  A52HA-CA-E53N-H      5.192     51.290    118.663      8.512     19259268 
  A52QB-CB-E53N-H      1.380     24.565    118.663      8.511     21709480 
  E53HA-CA-F54N-H      5.123     54.745    123.537      8.871     10262395 
  E53QB-CB-F54N-H      1.882     34.831    123.538      8.870      9917204 
  E53QG-CG-F54N-H      2.009     37.649    123.537      8.870     10413668 
  F54HA-CA-E55N-H      5.115     55.986    126.096      8.694      1777642 
 F54HB2-CB-E55N-H      2.445     42.329    126.083      8.692      6419066 
 F54HB3-CB-E55N-H      2.317     42.322    126.085      8.692      5865178 
  E55HA-CA-G56N-H      5.126     54.896    113.361      8.311     11253585 
 E55HB2-CB-G56N-H      1.881     32.708    113.361      8.312      5099874 
 E55HB3-CB-G56N-H      1.679     32.716    113.362      8.310      4927308 
 E55HG2-CG-G56N-H      2.049     36.159    113.363      8.310      9071465 
 E55HG3-CG-G56N-H      1.975     36.183    113.362      8.311      8126636 
 G56HA2-CA-G57N-H      4.141     45.779    112.360      9.428      4203350 
 G56HA3-CA-G57N-H      3.644     45.792    112.355      9.428      4280522 
  G57QA-CA-G58N-H      4.026     47.234    107.368      8.811      8679742 
  T59HA-CA-R60N-H      4.671     61.415    125.081      8.418       955743 
  T59HB-CB-R60N-H      4.238     71.664    125.060      8.418      6629154 
T59QG2-CG2-R60N-H      1.255     21.127    125.063      8.419      6068005 
  R60HA-CA-T61N-H      5.304     55.379    120.821      9.006     12970111 
 R60HG2-CG-T61N-H      1.477     27.213    120.817      9.005      3095681 
 R60HG3-CG-T61N-H      1.356     27.278    120.822      9.006      3622557 
  R60QB-CB-T61N-H      1.681     32.721    120.818      9.007      5448720 
  R60QD-CD-T61N-H      3.091     43.550    120.820      9.005      9617578 
  T61HA-CA-R62N-H      4.619     61.381    127.178      8.513      1162752 
  T61HB-CB-R62N-H      3.701     71.516    127.170      8.514      5677996 
T61QG2-CG2-R62N-H      0.975     20.432    127.170      8.514     -2164904 
  R62HA-CA-L63N-H      4.859     55.995    124.453      8.695      5556062 
 R62HG2-CG-L63N-H      1.698     27.927    124.450      8.695      3784411 
 R62HG3-CG-L63N-H      1.557     27.922    124.453      8.694      4273370 
  R62QB-CB-L63N-H      1.823     31.147    124.452      8.694     11272140 
  R62QD-CD-L63N-H      3.168     43.236    124.452      8.696      5295924 
  L63HA-CA-N64N-H      4.657     53.777    122.094      8.927      2125576 
 L63HB2-CB-N64N-H      1.696     43.894    122.076      8.929      1381990 
 L63HB3-CB-N64N-H      1.559     43.925    122.094      8.929      1577614 
  L63HG-CG-N64N-H      1.519     27.125    122.082      8.922      1333621 
L63QD1-CD1-N64N-H      0.773     26.026    122.094      8.927     -1191330 
  P65HA-CA-G66N-H      4.138     64.027    112.034      8.826      9079790 
 P65HG2-CG-G66N-H      2.176     27.730    112.035      8.827      2592238 
 P65HG3-CG-G66N-H      1.532     27.740    112.022      8.826      2051282 
  P65QB-CB-G66N-H      1.893     31.363    112.033      8.827      7231258 
  E67HA-CA-S68N-H      4.506     55.965    118.360      8.581      4528586 
  E67QB-CB-S68N-H      2.136     31.715    118.361      8.582     11392310 
  E67QG-CG-S68N-H      2.213     36.807    118.361      8.582     17942226 
  S68HA-CA-Y69N-H      5.060     58.170    126.911      9.160     11398248 
 S68HB2-CB-Y69N-H      3.691     64.695    126.913      9.159      4562525 
 S68HB3-CB-Y69N-H      3.607     64.665    126.911      9.160      4616708 
  K70HA-CA-F71N-H      5.120     55.052    122.625      8.706      4070508 
 K70HB2-CB-F71N-H      1.602     34.560    122.625      8.705      3948352 
 K70HB3-CB-F71N-H      1.507     34.566    122.624      8.705      4106982 
 K70HG2-CG-F71N-H      1.243     25.208    122.627      8.705      2378402 
 K70HG3-CG-F71N-H      1.171     25.131    122.625      8.706      1998942 
  K70QD-CD-F71N-H      1.534     29.252    122.626      8.709      2464371 
  K70QE-CE-F71N-H      2.828     41.920    122.623      8.705      1242884 
  N73HA-CA-L74N-H      4.798     51.099    127.006      8.735      2374928 
 N73HB2-CB-L74N-H      3.425     38.476    126.993      8.735      4417548 
 N73HB3-CB-L74N-H      2.311     38.506    126.997      8.734      4587942 
  L79HA-CA-R80N-H      4.724     53.473    121.503      8.461      1253860 
  L79HG-CG-R80N-H      0.959     25.968    121.484      8.461      1072198 
  L79QB-CB-R80N-H      1.566     46.036    121.506      8.453      2262338 
  R80HA-CA-I81N-H      4.960     55.070    122.540      8.840      8617774 
 R80HB2-CB-I81N-H      1.547     31.658    122.538      8.842      4574760 
 R80HB3-CB-I81N-H      1.469     31.648    122.557      8.838      3152724 
 R80HG2-CG-I81N-H      1.451     27.524    122.542      8.841      3497147 
 R80HG3-CG-I81N-H      1.270     27.487    122.535      8.840      3618186 
  R80QD-CD-I81N-H      3.011     43.260    122.538      8.841      5555986 
  I81HA-CA-R82N-H      4.579     58.767    123.124      8.721      1451042 
  I81HB-CB-R82N-H      1.425     40.005    123.127      8.719      1387672 
I81QD1-CD1-R82N-H      0.383     13.581    123.120      8.720      1155564 
I81QG2-CG2-R82N-H      0.310     18.100    123.132      8.719      2823334 
  R82HA-CA-L83N-H      4.859     55.013    123.508      8.810      5200870 
 R82HG2-CG-L83N-H      1.405     27.688    123.510      8.808      2847606 
 R82HG3-CG-L83N-H      1.322     27.650    123.754      8.828       672945 
  R82QB-CB-L83N-H      1.516     32.944    123.503      8.808      4706808 
  R82QD-CD-L83N-H      2.989     43.236    123.497      8.808      4708252 
  L83HA-CA-R84N-H      4.815     52.881    119.976      8.799      4641668 
 L83HB2-CB-R84N-H      1.253     42.910    119.971      8.798      1715417 
 L83HB3-CB-R84N-H      0.518     42.903    119.974      8.795      2044613 
  L83HG-CG-R84N-H      1.410     26.438    119.978      8.798      2883192 
  L86HA-CA-S87N-H      4.592     54.481    118.460      8.882      2580539 
 L86HB2-CB-S87N-H      1.721     41.705    118.464      8.883      3251292 
 L86HB3-CB-S87N-H      1.241     41.702    118.461      8.880      2756127 
  L86HG-CG-S87N-H      1.434     27.144    118.464      8.881      1867037 
L86QD1-CD1-S87N-H      0.735     25.453    118.470      8.888      1366660 
L86QD2-CD2-S87N-H      0.682     21.783    118.459      8.879      1296731 
  S87HA-CA-D88N-H      4.655     57.229    116.931      8.325      3259483 
 S87HB2-CB-D88N-H      4.184     65.704    116.926      8.324      7417545 
 S87HB3-CB-D88N-H      4.046     65.738    116.929      8.325      7612533 
  E92HA-CA-F93N-H      5.026     55.052    122.817      9.252     14523506 
 E92HG2-CG-F93N-H      2.038     37.666    122.814      9.252     11307538 
 E92HG3-CG-F93N-H      1.870     37.670    122.817      9.252     10191227 
  E92QB-CB-F93N-H      1.790     32.860    122.816      9.252      4519172 
  F93HA-CA-R94N-H      5.139     56.729    121.600      8.956      2075196 
 F93HB2-CB-R94N-H      2.741     42.001    121.606      8.954      7875318 
 F93HB3-CB-R94N-H      2.512     42.002    121.607      8.955      6493482 
  R94HA-CA-I95N-H      5.071     55.058    126.913      9.241      4926420 
 R94HB2-CB-I95N-H      1.909     32.617    126.902      9.251      1957300 
 R94HB3-CB-I95N-H      1.736     32.597    126.921      9.242      1788705 
 R94HG2-CG-I95N-H      1.572     27.283    126.925      9.243      1553337 
 R94HG3-CG-I95N-H      1.360     27.357    126.951      9.243      1683076 
  R94QD-CD-I95N-H      3.103     43.586    126.942      9.240      2514718 
I95QG2-CG2-R96N-H      0.836     18.140    129.125      9.351       800400 
  R96HA-CA-E97N-H      5.300     55.297    125.258      8.881      2908070 
 R96HB2-CB-E97N-H      1.900     33.231    125.257      8.881      1487089 
 R96HB3-CB-E97N-H      1.807     33.223    125.257      8.881      1282328 
 R96HG2-CG-E97N-H      1.623     28.298    125.247      8.881      1803033 
 R96HG3-CG-E97N-H      1.524     28.300    125.257      8.881      1271040 
  R96QD-CD-E97N-H      3.144     43.543    125.256      8.887      1595140 
  E97HA-CA-E98N-H      5.118     55.387    128.008      8.683     28431054 
 E97HB2-CB-E98N-H      2.144     33.259    128.007      8.683      7505792 
 E97HB3-CB-E98N-H      1.965     33.268    128.006      8.683      7827062 
  E97QG-CG-E98N-H      2.187     37.030    128.008      8.683     36414808 
